CLASSIFICATION PERFORMANCE REPORT
==================================================

Overall Metrics:
Accuracy: 0.0477
F1-Score (weighted): 0.0044
Precision (weighted): 0.0023
Recall (weighted): 0.0477

Detailed Classification Report:
------------------------------
              precision    recall  f1-score   support

           0       0.05      1.00      0.09       190
           1       0.00      0.00      0.00       170
           2       0.00      0.00      0.00       214
           3       0.00      0.00      0.00       221
           4       0.00      0.00      0.00       204
           5       0.00      0.00      0.00       206
           6       0.00      0.00      0.00       204
           7       0.00      0.00      0.00       199
           8       0.00      0.00      0.00       215
           9       0.00      0.00      0.00       189
          10       0.00      0.00      0.00       180
          11       0.00      0.00      0.00       196
          12       0.00      0.00      0.00       190
          13       0.00      0.00      0.00       187
          14       0.00      0.00      0.00       211
          15       0.00      0.00      0.00       227
          16       0.00      0.00      0.00       193
          17       0.00      0.00      0.00       208
          18       0.00      0.00      0.00       178
          19       0.00      0.00      0.00       198

    accuracy                           0.05      3980
   macro avg       0.00      0.05      0.00      3980
weighted avg       0.00      0.05      0.00      3980
