CLASSIFICATION PERFORMANCE REPORT
==================================================

Overall Metrics:
Accuracy: 0.0503
F1-Score (weighted): 0.0048
Precision (weighted): 0.0025
Recall (weighted): 0.0503

Detailed Classification Report:
------------------------------
              precision    recall  f1-score   support

           0       0.05      1.00      0.10       200
           1       0.00      0.00      0.00       200
           2       0.00      0.00      0.00       200
           3       0.00      0.00      0.00       200
           4       0.00      0.00      0.00       200
           5       0.00      0.00      0.00       198
           6       0.00      0.00      0.00       198
           7       0.00      0.00      0.00       197
           8       0.00      0.00      0.00       200
           9       0.00      0.00      0.00       196
          10       0.00      0.00      0.00       194
          11       0.00      0.00      0.00       200
          12       0.00      0.00      0.00       200
          13       0.00      0.00      0.00       200
          14       0.00      0.00      0.00       198
          15       0.00      0.00      0.00       200
          16       0.00      0.00      0.00       200
          17       0.00      0.00      0.00       200
          18       0.00      0.00      0.00       200
          19       0.00      0.00      0.00       199

    accuracy                           0.05      3980
   macro avg       0.00      0.05      0.00      3980
weighted avg       0.00      0.05      0.00      3980
